[[55.70476,37.56025],[55.70476,37.56011],[
    55.70487,
    37.55964
  ],
  [
    55.70497,
    37.55975
  ],
  [
    55.70508,
    37.55979
  ],
  [
    55.70558,
    37.55987
  ],
  [
    55.70563,
    37.55987
  ],
  [
    55.70567,
    37.55987
  ],
  [
    55.70574,
    37.55986
  ],
  [
    55.70582,
    37.55988
  ],
  [
    55.70582,
    37.56012
  ],
  [
    55.70582,
    37.56026
  ],
  [
    55.70583,
    37.56042
  ],
  [
    55.70584,
    37.56057
  ],
  [
    55.70617,
    37.56291
  ],
  [
    55.70622,
    37.56331
  ],
  [
    55.70646,
    37.56504
  ],
  [
    55.70661,
    37.56609
  ],
  [
    55.70664,
    37.56635
  ],
  [
    55.70686,
    37.56787
  ],
  [
    55.7069,
    37.56816
  ],
  [
    55.70694,
    37.56846
  ],
  [
    55.70719,
    37.57087
  ],
  [
    55.7072,
    37.57098
  ],
  [
    55.70723,
    37.57131
  ],
  [
    55.70729,
    37.57181
  ],
  [
    55.70731,
    37.57204
  ],
  [
    55.70755,
    37.57441
  ],
  [
    55.70762,
    37.57512
  ],
  [
    55.70772,
    37.57607
  ],
  [
    55.70776,
    37.5764
  ],
  [
    55.70779,
    37.57675
  ],
  [
    55.7078,
    37.57682
  ],
  [
    55.70783,
    37.57709
  ],
  [
    55.70786,
    37.57741
  ],
  [
    55.70791,
    37.57787
  ],
  [
    55.70796,
    37.57836
  ],
  [
    55.70797,
    37.57858
  ],
  [
    55.70797,
    37.57872
  ],
  [
    55.70797,
    37.57888
  ],
  [
    55.70796,
    37.57898
  ],
  [
    55.70795,
    37.57908
  ],
  [
    55.70793,
    37.57916
  ],
  [
    55.7079,
    37.57923
  ],
  [
    55.70787,
    37.5793
  ],
  [
    55.70782,
    37.57939
  ],
  [
    55.70774,
    37.57952
  ],
  [
    55.70763,
    37.5797
  ],
  [
    55.70732,
    37.58021
  ],
  [
    55.70726,
    37.58032
  ],
  [
    55.70709,
    37.58059
  ],
  [
    55.70703,
    37.58066
  ],
  [
    55.70696,
    37.58072
  ],
  [
    55.7069,
    37.58075
  ],
  [
    55.70682,
    37.58078
  ],
  [
    55.70676,
    37.58077
  ],
  [
    55.70669,
    37.58075
  ],
  [
    55.70658,
    37.58072
  ],
  [
    55.7065,
    37.58068
  ],
  [
    55.70644,
    37.58063
  ],
  [
    55.70639,
    37.58058
  ],
  [
    55.70634,
    37.58051
  ],
  [
    55.70631,
    37.5804
  ],
  [
    55.7063,
    37.5803
  ],
  [
    55.70631,
    37.58021
  ],
  [
    55.70633,
    37.58012
  ],
  [
    55.70636,
    37.58002
  ],
  [
    55.70674,
    37.5794
  ],
  [
    55.70684,
    37.57923
  ],
  [
    55.70692,
    37.57909
  ],
  [
    55.70725,
    37.57972
  ],
  [
    55.7076,
    37.5804
  ],
  [
    55.70778,
    37.58075
  ],
  [
    55.70819,
    37.58149
  ],
  [
    55.70922,
    37.58346
  ],
  [
    55.70924,
    37.5835
  ],
  [
    55.70953,
    37.58402
  ],
  [
    55.70981,
    37.58442
  ],
  [
    55.71037,
    37.58513
  ],
  [
    55.7113,
    37.58638
  ],
  [
    55.71161,
    37.58681
  ],
  [
    55.71197,
    37.58729
  ],
  [
    55.71337,
    37.58916
  ],
  [
    55.71436,
    37.59048
  ],
  [
    55.71447,
    37.59063
  ],
  [
    55.71459,
    37.59079
  ],
  [
    55.71506,
    37.59144
  ],
  [
    55.71625,
    37.59311
  ],
  [
    55.71714,
    37.59437
  ],
  [
    55.71731,
    37.5946
  ],
  [
    55.71749,
    37.59488
  ],
  [
    55.71852,
    37.59637
  ],
  [
    55.71939,
    37.59764
  ],
  [
    55.7195,
    37.59781
  ],
  [
    55.72026,
    37.59892
  ],
  [
    55.72032,
    37.59901
  ],
  [
    55.72057,
    37.59937
  ],
  [
    55.72076,
    37.59966
  ],
  [
    55.72128,
    37.60043
  ],
  [
    55.7224,
    37.60217
  ],
  [
    55.72275,
    37.60269
  ],
  [
    55.72391,
    37.60438
  ],
  [
    55.72393,
    37.60441
  ],
  [
    55.72423,
    37.60486
  ],
  [
    55.72474,
    37.60561
  ],
  [
    55.7248,
    37.6057
  ],
  [
    55.72486,
    37.6058
  ],
  [
    55.72509,
    37.60613
  ],
  [
    55.72564,
    37.60692
  ],
  [
    55.72667,
    37.60842
  ],
  [
    55.72707,
    37.609
  ],
  [
    55.72727,
    37.60931
  ],
  [
    55.72748,
    37.60965
  ],
  [
    55.72753,
    37.60982
  ],
  [
    55.72754,
    37.60995
  ],
  [
    55.72754,
    37.61019
  ],
  [
    55.72754,
    37.61047
  ],
  [
    55.72754,
    37.6107
  ],
  [
    55.72753,
    37.61104
  ],
  [
    55.72752,
    37.6115
  ],
  [
    55.72752,
    37.6116
  ],
  [
    55.72751,
    37.61179
  ],
  [
    55.72751,
    37.61203
  ],
  [
    55.7275,
    37.6123
  ],
  [
    55.72747,
    37.61439
  ],
  [
    55.72747,
    37.61452
  ],
  [
    55.72747,
    37.61454
  ],
  [
    55.72747,
    37.61463
  ],
  [
    55.72749,
    37.6147
  ],
  [
    55.72751,
    37.61475
  ],
  [
    55.72754,
    37.61478
  ],
  [
    55.7278,
    37.61464
  ],
  [
    55.72785,
    37.61461
  ],
  [
    55.72814,
    37.61445
  ],
  [
    55.72823,
    37.61441
  ],
  [
    55.72831,
    37.61437
  ],
  [
    55.72839,
    37.61433
  ],
  [
    55.72853,
    37.61426
  ],
  [
    55.7286,
    37.61423
  ],
  [
    55.72868,
    37.61421
  ],
  [
    55.72874,
    37.61419
  ],
  [
    55.72881,
    37.61419
  ],
  [
    55.72888,
    37.61419
  ],
  [
    55.729,
    37.61419
  ],
  [
    55.72923,
    37.61421
  ],
  [
    55.72923,
    37.61474
  ],
  [
    55.72921,
    37.6152
  ],
  [
    55.72921,
    37.6153
  ],
  [
    55.7292,
    37.61538
  ],
  [
    55.72918,
    37.61548
  ],
  [
    55.72916,
    37.61556
  ],
  [
    55.7291,
    37.61569
  ],
  [
    55.72906,
    37.6158
  ],
  [
    55.72903,
    37.61595
  ],
  [
    55.72902,
    37.61618
  ],
  [
    55.72902,
    37.61631
  ],
  [
    55.72902,
    37.61642
  ],
  [
    55.72904,
    37.61665
  ],
  [
    55.72908,
    37.61739
  ],
  [
    55.72909,
    37.61761
  ],
  [
    55.72909,
    37.61763
  ],
  [
    55.72919,
    37.61908
  ],
  [
    55.72925,
    37.61932
  ],
  [
    55.72929,
    37.6194
  ],
  [
    55.72934,
    37.61952
  ],
  [
    55.7294,
    37.6196
  ],
  [
    55.7295,
    37.61974
  ],
  [
    55.72955,
    37.61981
  ],
  [
    55.72959,
    37.6199
  ],
  [
    55.72961,
    37.61995
  ],
  [
    55.72963,
    37.62001
  ],
  [
    55.72964,
    37.62009
  ],
  [
    55.72966,
    37.6202
  ],
  [
    55.7297,
    37.62316
  ],
  [
    55.72974,
    37.62468
  ],
  [
    55.72975,
    37.62493
  ],
  [
    55.72976,
    37.62516
  ],
  [
    55.72977,
    37.62542
  ],
  [
    55.7298,
    37.62565
  ],
  [
    55.72984,
    37.6261
  ],
  [
    55.73017,
    37.62915
  ],
  [
    55.73021,
    37.62955
  ],
  [
    55.73027,
    37.63037
  ],
  [
    55.73032,
    37.63086
  ],
  [
    55.7304,
    37.63154
  ],
  [
    55.73058,
    37.63324
  ],
  [
    55.73066,
    37.63392
  ],
  [
    55.73079,
    37.63499
  ],
  [
    55.7308,
    37.63509
  ],
  [
    55.73089,
    37.63586
  ],
  [
    55.73089,
    37.63589
  ],
  [
    55.7309,
    37.63592
  ],
  [
    55.7309,
    37.63595
  ],
  [
    55.7309,
    37.63597
  ],
  [
    55.73091,
    37.63601
  ],
  [
    55.73093,
    37.63623
  ],
  [
    55.73095,
    37.63633
  ],
  [
    55.73096,
    37.63643
  ],
  [
    55.73098,
    37.63655
  ],
  [
    55.73101,
    37.63668
  ],
  [
    55.73104,
    37.63684
  ],
  [
    55.73108,
    37.63701
  ],
  [
    55.73111,
    37.63718
  ],
  [
    55.73116,
    37.63738
  ],
  [
    55.7312,
    37.63751
  ],
  [
    55.73134,
    37.63802
  ],
  [
    55.73135,
    37.63806
  ],
  [
    55.73142,
    37.63827
  ],
  [
    55.7315,
    37.6385
  ],
  [
    55.73158,
    37.63872
  ],
  [
    55.73166,
    37.63889
  ],
  [
    55.73176,
    37.63911
  ],
  [
    55.73185,
    37.63927
  ],
  [
    55.73194,
    37.63942
  ],
  [
    55.73205,
    37.6396
  ],
  [
    55.73213,
    37.63971
  ],
  [
    55.73224,
    37.63989
  ],
  [
    55.73235,
    37.64004
  ],
  [
    55.73253,
    37.64034
  ],
  [
    55.73279,
    37.6408
  ],
  [
    55.73292,
    37.64104
  ],
  [
    55.73295,
    37.64109
  ],
  [
    55.7331,
    37.64136
  ],
  [
    55.73322,
    37.64156
  ],
  [
    55.73329,
    37.64168
  ],
  [
    55.73333,
    37.64176
  ],
  [
    55.7336,
    37.64227
  ],
  [
    55.73372,
    37.64249
  ],
  [
    55.7343,
    37.64359
  ],
  [
    55.73434,
    37.64365
  ],
  [
    55.73452,
    37.64395
  ],
  [
    55.73463,
    37.64412
  ],
  [
    55.73543,
    37.64527
  ],
  [
    55.73829,
    37.64948
  ],
  [
    55.73843,
    37.64968
  ],
  [
    55.73873,
    37.65011
  ],
  [
    55.73895,
    37.65041
  ],
  [
    55.73898,
    37.65046
  ],
  [
    55.73935,
    37.65098
  ],
  [
    55.74017,
    37.65211
  ],
  [
    55.74044,
    37.65249
  ],
  [
    55.74097,
    37.65319
  ],
  [
    55.74129,
    37.65358
  ],
  [
    55.74167,
    37.65397
  ],
  [
    55.74206,
    37.65431
  ],
  [
    55.74235,
    37.65451
  ],
  [
    55.74264,
    37.65466
  ],
  [
    55.74298,
    37.65482
  ],
  [
    55.74331,
    37.65493
  ],
  [
    55.74399,
    37.65515
  ],
  [
    55.7442,
    37.6552
  ],
  [
    55.74445,
    37.65525
  ],
  [
    55.74471,
    37.65529
  ],
  [
    55.74856,
    37.65578
  ],
  [
    55.74916,
    37.65588
  ],
  [
    55.74927,
    37.6559
  ],
  [
    55.74931,
    37.65591
  ],
  [
    55.74982,
    37.65597
  ],
  [
    55.7505,
    37.65603
  ],
  [
    55.75061,
    37.65603
  ],
  [
    55.75097,
    37.65607
  ],
  [
    55.75112,
    37.65608
  ],
  [
    55.75228,
    37.65615
  ],
  [
    55.75244,
    37.65618
  ],
  [
    55.75257,
    37.65622
  ],
  [
    55.75273,
    37.65628
  ],
  [
    55.7536,
    37.65668
  ],
  [
    55.7542,
    37.65692
  ],
  [
    55.75458,
    37.65708
  ],
  [
    55.75486,
    37.65719
  ],
  [
    55.75517,
    37.6573
  ],
  [
    55.75562,
    37.65748
  ],
  [
    55.75597,
    37.65757
  ],
  [
    55.75615,
    37.65762
  ],
  [
    55.75649,
    37.65771
  ],
  [
    55.75683,
    37.65777
  ],
  [
    55.75735,
    37.65786
  ],
  [
    55.75783,
    37.6579
  ],
  [
    55.75832,
    37.65789
  ],
  [
    55.7584,
    37.65788
  ],
  [
    55.75883,
    37.65787
  ],
  [
    55.75937,
    37.65784
  ],
  [
    55.75957,
    37.65783
  ],
  [
    55.76019,
    37.65779
  ],
  [
    55.76106,
    37.65769
  ],
  [
    55.76133,
    37.65765
  ],
  [
    55.76156,
    37.65759
  ],
  [
    55.76178,
    37.65753
  ],
  [
    55.762,
    37.65747
  ],
  [
    55.76219,
    37.6574
  ],
  [
    55.76238,
    37.65732
  ],
  [
    55.76277,
    37.65715
  ],
  [
    55.76309,
    37.657
  ],
  [
    55.76335,
    37.65687
  ],
  [
    55.76346,
    37.65682
  ],
  [
    55.76398,
    37.65652
  ],
  [
    55.76404,
    37.65648
  ],
  [
    55.7641,
    37.65643
  ],
  [
    55.76414,
    37.6564
  ],
  [
    55.76421,
    37.65631
  ],
  [
    55.76426,
    37.65624
  ],
  [
    55.76462,
    37.65572
  ],
  [
    55.76472,
    37.65558
  ],
  [
    55.76564,
    37.65418
  ],
  [
    55.76621,
    37.65333
  ],
  [
    55.76637,
    37.65309
  ],
  [
    55.76687,
    37.65238
  ],
  [
    55.76696,
    37.65226
  ],
  [
    55.76723,
    37.65188
  ],
  [
    55.76752,
    37.65149
  ],
  [
    55.7679,
    37.65096
  ],
  [
    55.76843,
    37.65022
  ],
  [
    55.76857,
    37.65007
  ],
  [
    55.76863,
    37.65002
  ],
  [
    55.76868,
    37.65
  ],
  [
    55.76874,
    37.64998
  ],
  [
    55.76879,
    37.65
  ],
  [
    55.76886,
    37.65003
  ],
  [
    55.76898,
    37.65015
  ],
  [
    55.7693,
    37.65045
  ],
  [
    55.7697,
    37.65078
  ],
  [
    55.76995,
    37.65098
  ],
  [
    55.77002,
    37.65104
  ],
  [
    55.77015,
    37.65114
  ],
  [
    55.77073,
    37.65152
  ],
  [
    55.77102,
    37.65168
  ],
  [
    55.77107,
    37.65171
  ],
  [
    55.77127,
    37.65182
  ],
  [
    55.77134,
    37.65186
  ],
  [
    55.77178,
    37.65205
  ],
  [
    55.77203,
    37.65218
  ],
  [
    55.77252,
    37.65241
  ],
  [
    55.77324,
    37.6527
  ],
  [
    55.77346,
    37.6528
  ],
  [
    55.77351,
    37.65282
  ],
  [
    55.77359,
    37.65285
  ],
  [
    55.7737,
    37.6529
  ],
  [
    55.77374,
    37.65293
  ],
  [
    55.77381,
    37.65299
  ],
  [
    55.77391,
    37.65308
  ],
  [
    55.77394,
    37.65315
  ],
  [
    55.77397,
    37.65326
  ],
  [
    55.774,
    37.65339
  ],
  [
    55.77408,
    37.65369
  ],
  [
    55.77412,
    37.65377
  ],
  [
    55.77417,
    37.65388
  ],
  [
    55.77426,
    37.654
  ],
  [
    55.7743,
    37.65406
  ],
  [
    55.77435,
    37.65413
  ],
  [
    55.77437,
    37.65416
  ],
  [
    55.77443,
    37.65428
  ],
  [
    55.77525,
    37.65655
  ],
  [
    55.77538,
    37.65691
  ],
  [
    55.77552,
    37.65732
  ],
  [
    55.77557,
    37.65745
  ],
  [
    55.77573,
    37.65791
  ],
  [
    55.77587,
    37.65827
  ],
  [
    55.77594,
    37.65843
  ],
  [
    55.776,
    37.65856
  ],
  [
    55.77641,
    37.65946
  ],
  [
    55.77691,
    37.66053
  ],
  [
    55.77702,
    37.6608
  ],
  [
    55.77734,
    37.66149
  ],
  [
    55.77793,
    37.6628
  ],
  [
    55.77839,
    37.66387
  ],
  [
    55.77841,
    37.66392
  ],
  [
    55.77867,
    37.66456
  ],
  [
    55.77903,
    37.66543
  ],
  [
    55.77922,
    37.66589
  ],
  [
    55.7794,
    37.6663
  ],
  [
    55.77956,
    37.66658
  ],
  [
    55.77975,
    37.66697
  ],
  [
    55.78004,
    37.66755
  ],
  [
    55.7805,
    37.66846
  ],
  [
    55.78074,
    37.66893
  ],
  [
    55.78083,
    37.66911
  ],
  [
    55.78108,
    37.6696
  ],
  [
    55.78123,
    37.66989
  ],
  [
    55.78138,
    37.67016
  ],
  [
    55.78148,
    37.67034
  ],
  [
    55.78172,
    37.67078
  ],
  [
    55.78223,
    37.67167
  ],
  [
    55.78251,
    37.67216
  ],
  [
    55.78256,
    37.67226
  ],
  [
    55.7829,
    37.67284
  ],
  [
    55.78299,
    37.673
  ],
  [
    55.78368,
    37.67418
  ],
  [
    55.78413,
    37.67492
  ],
  [
    55.78428,
    37.67511
  ],
  [
    55.78441,
    37.67525
  ],
  [
    55.78448,
    37.67532
  ],
  [
    55.78458,
    37.67539
  ],
  [
    55.78479,
    37.67553
  ],
  [
    55.78506,
    37.67571
  ],
  [
    55.78524,
    37.67587
  ],
  [
    55.78545,
    37.67613
  ],
  [
    55.78564,
    37.67634
  ],
  [
    55.78573,
    37.67646
  ],
  [
    55.78595,
    37.67674
  ],
  [
    55.78605,
    37.67686
  ],
  [
    55.7862,
    37.67705
  ],
  [
    55.78622,
    37.67708
  ],
  [
    55.78634,
    37.67723
  ],
  [
    55.78733,
    37.67849
  ],
  [
    55.78787,
    37.67917
  ],
  [
    55.78835,
    37.67979
  ],
  [
    55.78839,
    37.67984
  ],
  [
    55.78849,
    37.67996
  ],
  [
    55.78856,
    37.68005
  ],
  [
    55.78868,
    37.6802
  ],
  [
    55.78883,
    37.6804
  ],
  [
    55.789,
    37.6803
  ],
  [
    55.78914,
    37.68022
  ],
  [
    55.78918,
    37.68019
  ],
  [
    55.78933,
    37.6801
  ],
  [
    55.78937,
    37.68008
  ],
  [
    55.78944,
    37.68004
  ],
  [
    55.78973,
    37.67986
  ],
  [
    55.78999,
    37.67975
  ],
  [
    55.79097,
    37.67917
  ],
  [
    55.79108,
    37.6791
  ],
  [
    55.79165,
    37.67876
  ],
  [
    55.79205,
    37.67853
  ],
  [
    55.79208,
    37.67852
  ],
  [
    55.7921,
    37.67853
  ],
  [
    55.79212,
    37.67856
  ],
  [
    55.79213,
    37.67859
  ],
  [
    55.79223,
    37.67912
  ],
  [
    55.79226,
    37.67922
  ],
  [
    55.79231,
    37.67929
  ],
  [
    55.79235,
    37.67932
  ],
  [
    55.7924,
    37.67933
  ],
  [
    55.79245,
    37.67932
  ],
  [
    55.79251,
    37.67928
  ],
  [
    55.79267,
    37.67917
  ],
  [
    55.7928,
    37.6791
  ],
  [
    55.79282,
    37.6791
  ],
  [
    55.79285,
    37.6791
  ],
  [
    55.79289,
    37.67911
  ],
  [
    55.79294,
    37.67917
  ],
  [
    55.79315,
    37.67938
  ],
  [
    55.79315,
    37.67939
  ],
  [
    55.79318,
    37.67942
  ],
  [
    55.79328,
    37.67956
  ],
  [
    55.79351,
    37.67986
  ],
  [
    55.79355,
    37.6799
  ],
  [
    55.7937,
    37.68006
  ],
  [
    55.79454,
    37.68084
  ],
  [
    55.79495,
    37.68122
  ],
  [
    55.79534,
    37.68162
  ],
  [
    55.79564,
    37.68195
  ],
  [
    55.7959,
    37.68223
  ],
  [
    55.79609,
    37.68244
  ],
  [
    55.79616,
    37.68251
  ],
  [
    55.79636,
    37.68273
  ],
  [
    55.7965,
    37.68288
  ],
  [
    55.79653,
    37.68292
  ],
  [
    55.7969,
    37.68324
  ],
  [
    55.79799,
    37.6842
  ],
  [
    55.79852,
    37.68469
  ],
  [
    55.79884,
    37.68499
  ],
  [
    55.79904,
    37.6852
  ],
  [
    55.7994,
    37.68563
  ],
  [
    55.79948,
    37.68572
  ],
  [
    55.79957,
    37.68582
  ],
  [
    55.79976,
    37.68605
  ],
  [
    55.7998,
    37.68609
  ],
  [
    55.80003,
    37.6863
  ],
  [
    55.80036,
    37.68653
  ],
  [
    55.80047,
    37.68659
  ],
  [
    55.80063,
    37.68663
  ],
  [
    55.80075,
    37.68663
  ],
  [
    55.80093,
    37.68655
  ],
  [
    55.8012,
    37.68639
  ],
  [
    55.80152,
    37.68619
  ],
  [
    55.80165,
    37.68609
  ],
  [
    55.80175,
    37.68599
  ],
  [
    55.80198,
    37.68572
  ],
  [
    55.80218,
    37.68541
  ],
  [
    55.8023,
    37.68525
  ],
  [
    55.80238,
    37.68515
  ],
  [
    55.80245,
    37.68508
  ],
  [
    55.80272,
    37.68487
  ],
  [
    55.80273,
    37.68486
  ],
  [
    55.80298,
    37.68467
  ],
  [
    55.80307,
    37.6846
  ],
  [
    55.80318,
    37.68476
  ],
  [
    55.80378,
    37.68543
  ],
  [
    55.80402,
    37.6857
  ],
  [
    55.80519,
    37.687
  ],
  [
    55.80523,
    37.68704
  ],
  [
    55.80471,
    37.68858
  ],
  [
    55.80445,
    37.68938
  ],
  [
    55.80443,
    37.68954
  ],
  [
    55.80445,
    37.6897
  ],
  [
    55.80454,
    37.69023
  ],
  [
    55.80455,
    37.69032
  ],
  [
    55.80455,
    37.6904
  ],
  [
    55.80454,
    37.69062
  ],
  [
    55.80454,
    37.69066
  ],
  [
    55.8041,
    37.69017
  ],
  [
    55.80314,
    37.68911
  ]
]